{
 "cells": [
  {
   "cell_type": "markdown",
   "metadata": {},
   "source": [
    "# Assignment modue no 7   In R"
   ]
  },
  {
   "cell_type": "markdown",
   "metadata": {},
   "source": [
    "CAR Data Cleaning and practicing   "
   ]
  },
  {
   "cell_type": "markdown",
   "metadata": {},
   "source": [
    "Description of dataset:- sourcing information is silent , dont know whrere is data came form, we hopind a imaginary car dataset,as It is a Car dataset we are more intrested into looking into MPG:- milage per gallon of dataset for gaining more and more inforamation out of it."
   ]
  },
  {
   "cell_type": "code",
   "execution_count": 1,
   "metadata": {},
   "outputs": [],
   "source": [
    "# Read CSV, note the delimiter (sep) shoud be given if it is required \n",
    "df <- read.csv('Cars.csv')"
   ]
  },
  {
   "cell_type": "code",
   "execution_count": 2,
   "metadata": {},
   "outputs": [
    {
     "data": {
      "text/html": [
       "<table>\n",
       "<caption>A data.frame: 6 × 5</caption>\n",
       "<thead>\n",
       "\t<tr><th></th><th scope=col>HP</th><th scope=col>MPG</th><th scope=col>VOL</th><th scope=col>SP</th><th scope=col>WT</th></tr>\n",
       "\t<tr><th></th><th scope=col>&lt;int&gt;</th><th scope=col>&lt;dbl&gt;</th><th scope=col>&lt;int&gt;</th><th scope=col>&lt;dbl&gt;</th><th scope=col>&lt;dbl&gt;</th></tr>\n",
       "</thead>\n",
       "<tbody>\n",
       "\t<tr><th scope=row>1</th><td>49</td><td>53.70068</td><td>89</td><td>104.1854</td><td>28.76206</td></tr>\n",
       "\t<tr><th scope=row>2</th><td>55</td><td>50.01340</td><td>92</td><td>105.4613</td><td>30.46683</td></tr>\n",
       "\t<tr><th scope=row>3</th><td>55</td><td>50.01340</td><td>92</td><td>105.4613</td><td>30.19360</td></tr>\n",
       "\t<tr><th scope=row>4</th><td>70</td><td>45.69632</td><td>92</td><td>113.4613</td><td>30.63211</td></tr>\n",
       "\t<tr><th scope=row>5</th><td>53</td><td>50.50423</td><td>92</td><td>104.4613</td><td>29.88915</td></tr>\n",
       "\t<tr><th scope=row>6</th><td>70</td><td>45.69632</td><td>89</td><td>113.1854</td><td>29.59177</td></tr>\n",
       "</tbody>\n",
       "</table>\n"
      ],
      "text/latex": [
       "A data.frame: 6 × 5\n",
       "\\begin{tabular}{r|lllll}\n",
       "  & HP & MPG & VOL & SP & WT\\\\\n",
       "  & <int> & <dbl> & <int> & <dbl> & <dbl>\\\\\n",
       "\\hline\n",
       "\t1 & 49 & 53.70068 & 89 & 104.1854 & 28.76206\\\\\n",
       "\t2 & 55 & 50.01340 & 92 & 105.4613 & 30.46683\\\\\n",
       "\t3 & 55 & 50.01340 & 92 & 105.4613 & 30.19360\\\\\n",
       "\t4 & 70 & 45.69632 & 92 & 113.4613 & 30.63211\\\\\n",
       "\t5 & 53 & 50.50423 & 92 & 104.4613 & 29.88915\\\\\n",
       "\t6 & 70 & 45.69632 & 89 & 113.1854 & 29.59177\\\\\n",
       "\\end{tabular}\n"
      ],
      "text/markdown": [
       "\n",
       "A data.frame: 6 × 5\n",
       "\n",
       "| <!--/--> | HP &lt;int&gt; | MPG &lt;dbl&gt; | VOL &lt;int&gt; | SP &lt;dbl&gt; | WT &lt;dbl&gt; |\n",
       "|---|---|---|---|---|---|\n",
       "| 1 | 49 | 53.70068 | 89 | 104.1854 | 28.76206 |\n",
       "| 2 | 55 | 50.01340 | 92 | 105.4613 | 30.46683 |\n",
       "| 3 | 55 | 50.01340 | 92 | 105.4613 | 30.19360 |\n",
       "| 4 | 70 | 45.69632 | 92 | 113.4613 | 30.63211 |\n",
       "| 5 | 53 | 50.50423 | 92 | 104.4613 | 29.88915 |\n",
       "| 6 | 70 | 45.69632 | 89 | 113.1854 | 29.59177 |\n",
       "\n"
      ],
      "text/plain": [
       "  HP MPG      VOL SP       WT      \n",
       "1 49 53.70068 89  104.1854 28.76206\n",
       "2 55 50.01340 92  105.4613 30.46683\n",
       "3 55 50.01340 92  105.4613 30.19360\n",
       "4 70 45.69632 92  113.4613 30.63211\n",
       "5 53 50.50423 92  104.4613 29.88915\n",
       "6 70 45.69632 89  113.1854 29.59177"
      ]
     },
     "metadata": {},
     "output_type": "display_data"
    }
   ],
   "source": [
    "head(df) # type of attributes and feature of my corresponnding data   "
   ]
  },
  {
   "cell_type": "markdown",
   "metadata": {},
   "source": [
    "What is menaing of meaning of data that shoud be understood first \n",
    "HP - Engine Horse power , MPG- Milage per galloon(Average miles per gallon) , VOL -Cubic feet of cab space , SP- Speed per hour , Wt - Weight of the vehicle \n",
    "\n",
    "But those data does not represent the vehicle items or car names From which the data came from , I am just taking each observation of index no 1 to 81 as like Numbers of  Cars in this dataset. \n"
   ]
  },
  {
   "cell_type": "code",
   "execution_count": 3,
   "metadata": {},
   "outputs": [
    {
     "data": {
      "text/plain": [
       "       HP             MPG             VOL               SP        \n",
       " Min.   : 49.0   Min.   :12.10   Min.   : 50.00   Min.   : 99.56  \n",
       " 1st Qu.: 84.0   1st Qu.:27.86   1st Qu.: 89.00   1st Qu.:113.83  \n",
       " Median :100.0   Median :35.15   Median :101.00   Median :118.21  \n",
       " Mean   :117.5   Mean   :34.42   Mean   : 98.77   Mean   :121.54  \n",
       " 3rd Qu.:140.0   3rd Qu.:39.53   3rd Qu.:113.00   3rd Qu.:126.40  \n",
       " Max.   :322.0   Max.   :53.70   Max.   :160.00   Max.   :169.60  \n",
       "       WT       \n",
       " Min.   :15.71  \n",
       " 1st Qu.:29.59  \n",
       " Median :32.73  \n",
       " Mean   :32.41  \n",
       " 3rd Qu.:37.39  \n",
       " Max.   :53.00  "
      ]
     },
     "metadata": {},
     "output_type": "display_data"
    }
   ],
   "source": [
    "summary(df) # this is the summary of our data ."
   ]
  },
  {
   "cell_type": "markdown",
   "metadata": {},
   "source": [
    "### Playing with Attributes of data "
   ]
  },
  {
   "cell_type": "code",
   "execution_count": 4,
   "metadata": {},
   "outputs": [
    {
     "name": "stdout",
     "output_type": "stream",
     "text": [
      "'data.frame':\t81 obs. of  5 variables:\n",
      " $ HP : int  49 55 55 70 53 70 55 62 62 80 ...\n",
      " $ MPG: num  53.7 50 50 45.7 50.5 ...\n",
      " $ VOL: int  89 92 92 92 92 89 92 50 50 94 ...\n",
      " $ SP : num  104 105 105 113 104 ...\n",
      " $ WT : num  28.8 30.5 30.2 30.6 29.9 ...\n"
     ]
    }
   ],
   "source": [
    "str(df) # we have the data types are of numeric and integer "
   ]
  },
  {
   "cell_type": "markdown",
   "metadata": {},
   "source": [
    "# Data preprocessing : clenaing >"
   ]
  },
  {
   "cell_type": "code",
   "execution_count": 10,
   "metadata": {},
   "outputs": [],
   "source": [
    "library(dplyr) # include lobrary dplyr"
   ]
  },
  {
   "cell_type": "code",
   "execution_count": 13,
   "metadata": {},
   "outputs": [
    {
     "name": "stdout",
     "output_type": "stream",
     "text": [
      "Rows: 81\n",
      "Columns: 5\n",
      "$ HP  \u001b[3m\u001b[90m<int>\u001b[39m\u001b[23m 49, 55, 55, 70, 53, 70, 55, 62, 62, 80, 73, 92, 92, 73, 66, 73,...\n",
      "$ MPG \u001b[3m\u001b[90m<dbl>\u001b[39m\u001b[23m 53.70068, 50.01340, 50.01340, 45.69632, 50.50423, 45.69632, 50....\n",
      "$ VOL \u001b[3m\u001b[90m<int>\u001b[39m\u001b[23m 89, 92, 92, 92, 92, 89, 92, 50, 50, 94, 89, 50, 99, 89, 89, 89,...\n",
      "$ SP  \u001b[3m\u001b[90m<dbl>\u001b[39m\u001b[23m 104.1854, 105.4613, 105.4613, 113.4613, 104.4613, 113.1854, 105...\n",
      "$ WT  \u001b[3m\u001b[90m<dbl>\u001b[39m\u001b[23m 28.76206, 30.46683, 30.19360, 30.63211, 29.88915, 29.59177, 30....\n"
     ]
    }
   ],
   "source": [
    "glimpse(df) # we also can check and process "
   ]
  },
  {
   "cell_type": "code",
   "execution_count": 15,
   "metadata": {},
   "outputs": [
    {
     "data": {
      "text/html": [
       "FALSE"
      ],
      "text/latex": [
       "FALSE"
      ],
      "text/markdown": [
       "FALSE"
      ],
      "text/plain": [
       "[1] FALSE"
      ]
     },
     "metadata": {},
     "output_type": "display_data"
    }
   ],
   "source": [
    "anyNA(df) # this means there is no navalue present no missing value to impute"
   ]
  },
  {
   "cell_type": "code",
   "execution_count": 17,
   "metadata": {},
   "outputs": [
    {
     "data": {
      "text/html": [
       "<table>\n",
       "<caption>A matrix: 5 × 5 of type dbl</caption>\n",
       "<thead>\n",
       "\t<tr><th></th><th scope=col>HP</th><th scope=col>MPG</th><th scope=col>VOL</th><th scope=col>SP</th><th scope=col>WT</th></tr>\n",
       "</thead>\n",
       "<tbody>\n",
       "\t<tr><th scope=row>HP</th><td>3261.95216</td><td>-378.12837</td><td>  98.66142</td><td>788.76944</td><td> 32.74306</td></tr>\n",
       "\t<tr><th scope=row>MPG</th><td>-378.12837</td><td>  83.38328</td><td>-107.73967</td><td>-88.98055</td><td>-36.04097</td></tr>\n",
       "\t<tr><th scope=row>VOL</th><td>  98.66142</td><td>-107.73967</td><td> 497.35679</td><td> 32.31302</td><td>166.96778</td></tr>\n",
       "\t<tr><th scope=row>SP</th><td> 788.76944</td><td> -88.98055</td><td>  32.31302</td><td>201.11300</td><td> 10.88507</td></tr>\n",
       "\t<tr><th scope=row>WT</th><td>  32.74306</td><td> -36.04097</td><td> 166.96778</td><td> 10.88507</td><td> 56.14225</td></tr>\n",
       "</tbody>\n",
       "</table>\n"
      ],
      "text/latex": [
       "A matrix: 5 × 5 of type dbl\n",
       "\\begin{tabular}{r|lllll}\n",
       "  & HP & MPG & VOL & SP & WT\\\\\n",
       "\\hline\n",
       "\tHP & 3261.95216 & -378.12837 &   98.66142 & 788.76944 &  32.74306\\\\\n",
       "\tMPG & -378.12837 &   83.38328 & -107.73967 & -88.98055 & -36.04097\\\\\n",
       "\tVOL &   98.66142 & -107.73967 &  497.35679 &  32.31302 & 166.96778\\\\\n",
       "\tSP &  788.76944 &  -88.98055 &   32.31302 & 201.11300 &  10.88507\\\\\n",
       "\tWT &   32.74306 &  -36.04097 &  166.96778 &  10.88507 &  56.14225\\\\\n",
       "\\end{tabular}\n"
      ],
      "text/markdown": [
       "\n",
       "A matrix: 5 × 5 of type dbl\n",
       "\n",
       "| <!--/--> | HP | MPG | VOL | SP | WT |\n",
       "|---|---|---|---|---|---|\n",
       "| HP | 3261.95216 | -378.12837 |   98.66142 | 788.76944 |  32.74306 |\n",
       "| MPG | -378.12837 |   83.38328 | -107.73967 | -88.98055 | -36.04097 |\n",
       "| VOL |   98.66142 | -107.73967 |  497.35679 |  32.31302 | 166.96778 |\n",
       "| SP |  788.76944 |  -88.98055 |   32.31302 | 201.11300 |  10.88507 |\n",
       "| WT |   32.74306 |  -36.04097 |  166.96778 |  10.88507 |  56.14225 |\n",
       "\n"
      ],
      "text/plain": [
       "    HP         MPG        VOL        SP        WT       \n",
       "HP  3261.95216 -378.12837   98.66142 788.76944  32.74306\n",
       "MPG -378.12837   83.38328 -107.73967 -88.98055 -36.04097\n",
       "VOL   98.66142 -107.73967  497.35679  32.31302 166.96778\n",
       "SP   788.76944  -88.98055   32.31302 201.11300  10.88507\n",
       "WT    32.74306  -36.04097  166.96778  10.88507  56.14225"
      ]
     },
     "metadata": {},
     "output_type": "display_data"
    }
   ],
   "source": [
    "var(df) # values varies from the mean"
   ]
  },
  {
   "cell_type": "markdown",
   "metadata": {},
   "source": [
    "some how i will findout intrepareation of different data in order to understand its feature i need to see its different corleantio point of each data types and correlaiion of each coulumns lets get numeric value of each column"
   ]
  },
  {
   "cell_type": "code",
   "execution_count": 20,
   "metadata": {},
   "outputs": [],
   "source": [
    "num_col  <- sapply(df,is.numeric)"
   ]
  },
  {
   "cell_type": "code",
   "execution_count": 22,
   "metadata": {
    "scrolled": true
   },
   "outputs": [
    {
     "data": {
      "text/html": [
       "<style>\n",
       ".dl-inline {width: auto; margin:0; padding: 0}\n",
       ".dl-inline>dt, .dl-inline>dd {float: none; width: auto; display: inline-block}\n",
       ".dl-inline>dt::after {content: \":\\0020\"; padding-right: .5ex}\n",
       ".dl-inline>dt:not(:first-of-type) {padding-left: .5ex}\n",
       "</style><dl class=dl-inline><dt>HP</dt><dd>TRUE</dd><dt>MPG</dt><dd>TRUE</dd><dt>VOL</dt><dd>TRUE</dd><dt>SP</dt><dd>TRUE</dd><dt>WT</dt><dd>TRUE</dd></dl>\n"
      ],
      "text/latex": [
       "\\begin{description*}\n",
       "\\item[HP] TRUE\n",
       "\\item[MPG] TRUE\n",
       "\\item[VOL] TRUE\n",
       "\\item[SP] TRUE\n",
       "\\item[WT] TRUE\n",
       "\\end{description*}\n"
      ],
      "text/markdown": [
       "HP\n",
       ":   TRUEMPG\n",
       ":   TRUEVOL\n",
       ":   TRUESP\n",
       ":   TRUEWT\n",
       ":   TRUE\n",
       "\n"
      ],
      "text/plain": [
       "  HP  MPG  VOL   SP   WT \n",
       "TRUE TRUE TRUE TRUE TRUE "
      ]
     },
     "metadata": {},
     "output_type": "display_data"
    }
   ],
   "source": [
    "num_col # got the numeric value as true"
   ]
  },
  {
   "cell_type": "code",
   "execution_count": 29,
   "metadata": {},
   "outputs": [],
   "source": [
    "cor.data  <- cor(df[,num_col]) # finding the correaltion between afte taking columns to row for comparision"
   ]
  },
  {
   "cell_type": "code",
   "execution_count": 30,
   "metadata": {},
   "outputs": [
    {
     "name": "stdout",
     "output_type": "stream",
     "text": [
      "             HP        MPG         VOL         SP          WT\n",
      "HP   1.00000000 -0.7250383  0.07745947  0.9738481  0.07651307\n",
      "MPG -0.72503835  1.0000000 -0.52905658 -0.6871246 -0.52675909\n",
      "VOL  0.07745947 -0.5290566  1.00000000  0.1021700  0.99920308\n",
      "SP   0.97384807 -0.6871246  0.10217001  1.0000000  0.10243919\n",
      "WT   0.07651307 -0.5267591  0.99920308  0.1024392  1.00000000\n"
     ]
    }
   ],
   "source": [
    "print(cor.data)"
   ]
  },
  {
   "cell_type": "code",
   "execution_count": 32,
   "metadata": {},
   "outputs": [
    {
     "data": {
      "text/html": [
       "<table>\n",
       "<caption>A matrix: 5 × 5 of type dbl</caption>\n",
       "<thead>\n",
       "\t<tr><th></th><th scope=col>HP</th><th scope=col>MPG</th><th scope=col>VOL</th><th scope=col>SP</th><th scope=col>WT</th></tr>\n",
       "</thead>\n",
       "<tbody>\n",
       "\t<tr><th scope=row>HP</th><td> 1.00000000</td><td>-0.7250383</td><td> 0.07745947</td><td> 0.9738481</td><td> 0.07651307</td></tr>\n",
       "\t<tr><th scope=row>MPG</th><td>-0.72503835</td><td> 1.0000000</td><td>-0.52905658</td><td>-0.6871246</td><td>-0.52675909</td></tr>\n",
       "\t<tr><th scope=row>VOL</th><td> 0.07745947</td><td>-0.5290566</td><td> 1.00000000</td><td> 0.1021700</td><td> 0.99920308</td></tr>\n",
       "\t<tr><th scope=row>SP</th><td> 0.97384807</td><td>-0.6871246</td><td> 0.10217001</td><td> 1.0000000</td><td> 0.10243919</td></tr>\n",
       "\t<tr><th scope=row>WT</th><td> 0.07651307</td><td>-0.5267591</td><td> 0.99920308</td><td> 0.1024392</td><td> 1.00000000</td></tr>\n",
       "</tbody>\n",
       "</table>\n"
      ],
      "text/latex": [
       "A matrix: 5 × 5 of type dbl\n",
       "\\begin{tabular}{r|lllll}\n",
       "  & HP & MPG & VOL & SP & WT\\\\\n",
       "\\hline\n",
       "\tHP &  1.00000000 & -0.7250383 &  0.07745947 &  0.9738481 &  0.07651307\\\\\n",
       "\tMPG & -0.72503835 &  1.0000000 & -0.52905658 & -0.6871246 & -0.52675909\\\\\n",
       "\tVOL &  0.07745947 & -0.5290566 &  1.00000000 &  0.1021700 &  0.99920308\\\\\n",
       "\tSP &  0.97384807 & -0.6871246 &  0.10217001 &  1.0000000 &  0.10243919\\\\\n",
       "\tWT &  0.07651307 & -0.5267591 &  0.99920308 &  0.1024392 &  1.00000000\\\\\n",
       "\\end{tabular}\n"
      ],
      "text/markdown": [
       "\n",
       "A matrix: 5 × 5 of type dbl\n",
       "\n",
       "| <!--/--> | HP | MPG | VOL | SP | WT |\n",
       "|---|---|---|---|---|---|\n",
       "| HP |  1.00000000 | -0.7250383 |  0.07745947 |  0.9738481 |  0.07651307 |\n",
       "| MPG | -0.72503835 |  1.0000000 | -0.52905658 | -0.6871246 | -0.52675909 |\n",
       "| VOL |  0.07745947 | -0.5290566 |  1.00000000 |  0.1021700 |  0.99920308 |\n",
       "| SP |  0.97384807 | -0.6871246 |  0.10217001 |  1.0000000 |  0.10243919 |\n",
       "| WT |  0.07651307 | -0.5267591 |  0.99920308 |  0.1024392 |  1.00000000 |\n",
       "\n"
      ],
      "text/plain": [
       "    HP          MPG        VOL         SP         WT         \n",
       "HP   1.00000000 -0.7250383  0.07745947  0.9738481  0.07651307\n",
       "MPG -0.72503835  1.0000000 -0.52905658 -0.6871246 -0.52675909\n",
       "VOL  0.07745947 -0.5290566  1.00000000  0.1021700  0.99920308\n",
       "SP   0.97384807 -0.6871246  0.10217001  1.0000000  0.10243919\n",
       "WT   0.07651307 -0.5267591  0.99920308  0.1024392  1.00000000"
      ]
     },
     "metadata": {},
     "output_type": "display_data"
    }
   ],
   "source": [
    "cor(df) # we can also find cortrelation of data as well "
   ]
  },
  {
   "cell_type": "code",
   "execution_count": 41,
   "metadata": {},
   "outputs": [],
   "source": [
    "library(corrplot)\n",
    "library(corrgram)"
   ]
  },
  {
   "cell_type": "markdown",
   "metadata": {},
   "source": [
    "# Exploratory data annalysis:-"
   ]
  },
  {
   "cell_type": "code",
   "execution_count": 42,
   "metadata": {},
   "outputs": [
    {
     "name": "stdout",
     "output_type": "stream",
     "text": [
      "             HP        MPG         VOL         SP          WT\n",
      "HP   1.00000000 -0.7250383  0.07745947  0.9738481  0.07651307\n",
      "MPG -0.72503835  1.0000000 -0.52905658 -0.6871246 -0.52675909\n",
      "VOL  0.07745947 -0.5290566  1.00000000  0.1021700  0.99920308\n",
      "SP   0.97384807 -0.6871246  0.10217001  1.0000000  0.10243919\n",
      "WT   0.07651307 -0.5267591  0.99920308  0.1024392  1.00000000\n"
     ]
    },
    {
     "data": {
      "image/png": "iVBORw0KGgoAAAANSUhEUgAAA0gAAANICAMAAADKOT/pAAACi1BMVEUAAAAFMGEGMmQHNWgJ\nOGwKOnAMPXMNQHcOQnsQRX8RSIITS4YUTYoVUI4XU5EYVZUaWJkbW50cXqEeYKQfY6ghZqwi\naK0kaq4mba8ob7ApcbErc7MtdrQueLUwerYyfLczf7g1gbk3g7s5hbw6iL08ir4+jL8/jsBB\nkcJDk8NHlsRLmMVPm8dTnchXoMpbostfpcxjp85nAB9nqs9qAR9rrNBuAiBvr9JyAyBzsdN2\nBCF3tNR5BiJ7ttZ9ByJ/udeBCCODu9iFCSOHvtqICiSLwNuMDCWPw92QDSWSxd6UDiaWx9+X\nDyaZyOCbECecyuCfEiify+GizeKjEyilz+OnFCmp0OSqFSms0uWuFiqv0+ayGCuy1eezGyy1\nHy611+i3IzC42Om5JjK7KjO82uq9LjW+MTe/2+rANTjCODrC3evEPDzF3+zGQD3HQz/I4O3J\nR0HLS0PL4u7NTkTPUkbP5O/QVUjR5fDSWUnUXUvU5vHWYE3W6PHXZFDY6fLZZ1Laa1Xb6vPc\nbljdclrd7PTfdV3f7fTgeGDifGLi7vXjf2Xk7/blg2jmhmrm8ffoim3pjXDp8vfrkXLr8/js\nlHXt9fnumHjvm3rv9vrxn33yooDy9/r0pYP0qIb0+fv1q4n1rY31sJD2s5T2tpf2+vz3uJv3\nu574vqL4wKX5w6n5xqz5+/36ybD6y7P6zrf70br70737/f381sH82cT928j93cr938394dD9\n4tP95Nb95tn96Nv96t797OH9/v7+7eT+7+f+8en+8+z+9e/+9vL++PX++vf+/Pr+/v3/AAD/\nTU3/aGj/fHz/jIz/mpr/p6f/srL/vb3/x8f/0ND/2dn/4eH/6en/8PD///+jm+D+AAAACXBI\nWXMAABJ0AAASdAHeZh94AAAcY0lEQVR4nO3dZX/jXLfYYbenzMzMzMzMzMw9xVNm5lPmp8zM\nzMytHHBoYn2cGpIZe2clc6+5lzWO9/V/YUu283My8eUtbcmZ2SjpUzf72N+AdAqBJBUEklQQ\nSFJBIEkFgSQVBJJUEEhSQSBJBYEkFQSSVBBIUkEgSQWBJBUEklQQSFJBIEkFgSQVBJJUEEhS\nQSBJBYEkFQSSVBBIUkEgSQWBJBUEklQQSFJBIEkFgSQVBJJUEEhSQSBJBYEkFQSSVBBIUkEg\nSQWBJBUEklQQSFJBIEkFgSQVBJJUEEhSQSBJBYEkFQSSVBBIUkEgSQWBJBUEklQQSFJBIEkF\ngSQVBJJUEEhSQSBJBYEkFQSSVBBIUkEgSQWBJBUEklQQSFJBIEkFgSQVBJJUEEhSQSBJBYEk\nFQSSVBBIUkEgSQWBJBUEklQQSFJBIEkFgSQVBJJUEEhSQSBJBYEkFQSSVBBIUkEgSQWBJBUE\nklQQSFJBIEkFgSQVBJJUEEhSQSBJBYEkFQSSVBBIUkEgSQWBJBUEklQQSFJBIEkFgSQVBJJU\nEEiTdn03jsO6+cf+TlQbSBN2Px8WD5CGy4/9zag0kCZsPlzeryGN43IY7j/2d6PKQJqu6+Fi\nfbWGNC6Gq4/83ag0kKbrYrhbX20g3Q3nH/m7UWkgTddG0OPVw4pOJJCm6yNCwvbQgTRde6/m\naSfAQTp0IE3Xwz7SprvtxMNUgXToQJqu652DRxfDzZRPDdKhA2m6lvPh9mHxduJTG0A6dCBN\n2O0wXKy37u4uh52tvCkC6dCBNGW38+35QcP89v0P/pQN+x38+ToPpGm7uVi9qC+m2D8CadJA\n0mvs6N4ZQNJrDKSeu1/Mh/li+bG/jVMIpI673041zCf7AMXyerNHdnWCdEHquMvhfDkuzyf7\nTN+7OcJJD/5OEkhH1bTbWvNh/Uz3Ux2LvR2Gxfpo1ZvFMO1pFFN0dHOSXUOaeFtr7+zvg7cc\nds6jGA7/ZjHtmxJIx9TE21rTQlqs/z7E2+WDfx7347wpHU9dQ5p4W2taSGc7fxXifjg79NN9\nnDel46lrSNO+sid+uv1PPx38OT/Om9LxBNKUkKbcrp8Y0sd5UzqeQDpVSBNv2oHUcRP/8qdt\n4smGif8t5xfXd0d1nLlzSEc2h1rZxNPfH2N0n19c3R7L39kE6VQhjTfDsHgzbg/IntzHn5Z3\n15dn26e6WNy8OfTTvb+uIZ14t29f1od39HHelN5cX54fyXsgSNM1n/q1trxan7R6foonre50\new5SX11MCmmCUegIurs6MyL11vVwtriZbOd4mC+OZUf8QN1vPiUynF1N+4dk4rqGNPF2/f3l\neuNufjkNpvU79fmEw9JysfkHvDsb5tcTPNvtYvuPeXsk260gTbqD/Gb7JjoJpvvNS20x1YzW\nfPMPuJ3gOPz/tLGZrrs+oiG3a0jbpt7CvrvazDRNcVLa+g/oDWfXU7xpX69PWl1xmr9Zn7p6\n8M8/rd4hjmQoegikj3Fiw2ozaKpnvVmrvTz8Jt755oyku80pFBP8509GpOPrhEekTcv1xNbB\nn237r7jY+b/UDtry9tI+0pE1JaQp95F2up3q7O+zKU8UMmt3XE0GaTtrN+UU+KZpRqTNyeb3\n28/1Lacbbh1HOp4m+zWsjyNNviUy1T7SYj3ZcLk9Gel6sj+UtM6ZDUfSZL+Gac9sWHc73azd\ncv523vt6GCaac3eu3XE08XGkic+1u1sfR5pPdhxpuUK7+QTUMOx8Eupgz+bs7yNq+gOyEzb1\nmQ1v2/4fUId+ks2cjc8j6eAN81M+69snZDVRxzAn3FEgSQWBJBUEkvSePgkSkKSXm4Ekfepm\nRiTpUzezaSeV1BmkzzNtnz1tn5m2z5q2iX+6x5fMLOzJKwskkD60TiA9+a2GHkAC6UMDaSeQ\nQPrQQNoJJJA+tE4gfd42kEAqDaSdQALpQ+sE0pNvBCSQSgMpGUggRYGUDCSQojqB9PnaQAKp\nNJCSgQRSFEjJQAIpqhNIn78NJJBKAykZSCBFgZQMJJCiOoH0BdpAAqk0kJKBBFIUSMlAAimq\nE0hfsA0kkEoDKRlIIEV1AukLtYEEUmkgJQMJpCiQkoEEUlQnkL5wG0gglQZSMpBAigIpGUgg\nRXUC6Yu0gQRSaSAlAwmkKJCSgQRSVCeQvmgbSCCVBlIykECK6gTSF2sDCaTSQEoGEkhRICUD\nCaSoTiB98TaQQCoNpGQggRQFUjKQQIrqBNKXaAMJpNJASgYSSFEgJQMJpKhOIH3JNpBAKg2k\nZCCBFNUJpC/VBhJIpYGUDCSQokBKBhJIUZ1A+tJtIIFUGkjJQAIpCqRkrwbSMOwuDJvml/c7\njwCpsE4gfZm2PiGtKO1IAqkwkJK9WkjrxeX5sHj3CJAKAynZq4Y0Lof5u0eAVFgnkL5s256H\n2Wz2zMrTXjekd7eOIJUG0tbGLFwJet2QjEiHCqQHGrNgJeoVQXrb+Ajp3j7SoeoE0pdr6w/S\nw6zd8t0jQCqsW0jvdoX27Zzspp3jSAetE0hfvu25EenUJxt2A6kwkHoZkZ4+AqTCQDrdfaTd\nBZAOXCeQvkIbSCCVBhJIIBUEUlcHZPcCqbBOIH3FtvAUodnuyjO9GkjvD6TCQEoGEkhRICUD\nCaSoTiB9pTaQQCoNpGQggRTVCaSv3AYSSKWBlAwkkKJASgYSSFGdQPoqbSCBVBpIyUACKQqk\nZCCBFNUJpK/aBhJIpYGUDCSQokBKBhJIUZ1A+mptIIFUGkjJQAIpqhNIX70NJJBKAykZSCBF\ngZQMJJCiOoH0NdpAAqk0kJKBBFIUSMlAAimqE0hfsw0kkEoDKRlIIEWBlAwkkKI6gfS12kAC\nqTSQkoEEUhRIyUACKaoTSF+7DSSQSgMpGUggRXUC6eu0gQRSaSAlAwmkKJCSgQRSVCeQvm4b\nSCCVBlIykECKAikZSCBFdQLp67WBBFJpICUDCaQokJKBBFJUJ5C+fhtIIJUGUjKQQIrqBNI3\naAMJpNJASgYSSFEgJQMJpKhOIH3Dtj0Ps9nsmZWngQRSFEhbG7NwJQgkkKJAeqAxC1aiQAIp\nqhNI36jtZUgvBBJIUSC1kPrZR5r4lT2x28+dts+Ztol/useXTADpnZd9SB3tI4FUWCeQvnGb\nfSSQSgMJJJAK6gTSN2kDCaTSQAIJpIJA6veALEiFdQLpm7aFpwjNdleeCSSQokBKBhJIUSAl\nAwmkqE4gfbM2kEAqDaRkIIEUBVIykECK6gTSN28DCaTSQEoGEkhRICUDCaSoTiB9izaQQCoN\npGQggRTVCaRv2QYSSKWBlAwkkKJASgYSSFGdQPpWbSCBVBpIyUACKQqkZCCBFNUJpG/dBhJI\npYGUDCSQokBKBhJIUZ1A+rZtIIFUGkjJQAIpqhNI374NJJBKAykZSCBFgZQMJJCiOoH0HdtA\nAqk0kJKBBFIUSMlAAimqE0jfuQ0kkEoDKRlIIEWBlAwkkKI6gfRd20ACqTSQkoEEUlQnkL57\nG0gglQZSMpBAigIpGUggRXUC6Xu2gQRSaSAlAwmkKJCSgQRSVCeQvncbSCCVBlIykECKAinZ\ncUKaX1zfbxbury/m6+th0/xye+u4vL5YrV5c730RSIV1Aun7tp0YpJWSy83C5Wrp4YYtpY2k\n2/ne6kMgFQZSsmOFdLYZiMb52SOk9eXyfFisrm5XzO5W13cXw3zni0AqDKRkxwppMbxZXb9Z\nXe9AGpcbOfPh9uFxl8PO1h1IhXUC6fu37XmYzfZ5vITlWCHdbohcDzd7kDbXN8PF4+PuF3fv\nvgikwkDa2thbf42QlhstF8P90xHpYrgLvwikwjqB9APbdjzMdi63S68R0ni2prNyswvpfrOP\n9Dg6tYFUGEgtpNnr3LQbF6tx5264HJtZu+VbSA+3vPsikArrFtK7/aITgXQzXI1Xw80epO1x\nJJAmqBNIP7jt2RGp3WFqO1pI98P5eD7cj/uTDet295FAOlAg7UOa7SyHHS2kcT5sphaeQrp5\nOFjb3g5SYSDtQWonHp52vJAuh8VazFNIO8eRliAdqE4g/dC25yA99PxL9ngh3ax2gG5CSLfD\ncLE5s2Ex7J7aAFJhIAWj0Oscke5XkO5DSOPd47l2Oxt5IJUGUjC/8Dohrbbg5mMMaTVcXaws\nnV/tnrMKUmWdQPrhbeEpQvsT4nHHCemDAqkwkJKBBFJUJ5B+ZBtIIJUGUjKQQIoCKRlIIEV1\nAulHt4EEUmkgJQMJpCiQkoEEUlQnkH5MG0gglQZSMpBAigIpGUggRXUC6ce1gQRSaSAlAwmk\nKJCSgQRSVCeQfkIbSCCVBlIykECK6gTST2oDCaTSQEoGEkhRICUDCaSoTiD9lDaQQCoNpGQg\ngRQFUjKQQIrqBNJPawMJpNJASgYSSFEgJQMJpKhOIP3MNpBAKg2kZCCBFNUJpJ/dBhJIpYGU\nDCSQokBKBhJIUZ1A+nltIIFUGkjJQAIpCqRkIIEU1QmkX9AGEkilgZQMJJCiQEoGEkhRnUD6\nxW0ggVQaSMlAAimqE0i/tA0kkEoDKRlIIEWBlAwkkKI6gfTL20ACqTSQkoEEUhRIyUACKaoT\nSL+qbc/DbDbbW3kJC0ggRYG0tTELV4JAAikKpAcas2AlCiSQojqB9GvbnoM0Pl3ZDySQokDq\nF9Jnpm3i3/3Ebv/otE380z2+ZAJI76YUnkLqZB8JpMI6gfTr214ckUACKRtITyG9aAUkkKI6\ngfSb2l6A9DIVkECKAqmF9B4pIIEUBVJwQPalQAIpqhNIv6UtPEVotj1B6MVzhEACKQqkZCCB\nFAVSMpBAiuoE0m9rAwmk0kBKBhJIUSAlAwmkqE4g/c42kEAqDaRkIIEU1Qmk39MGEkilgZQM\nJJCiQEoGEkhRnUD6fW0ggVQaSMlAAikKpGQggRTVCaQ/0AYSSKWBlAwkkKJASgYSSFGdQPpD\nbSCBVBpIyUACKaoTSE++EZBAKg2kZCCBFAVSMpBAiuoE0p9oAwmk0kBKBhJIUSAlAwmkqE4g\n/ak2kEAqDaRkIIEUBVIykECK6gTSk98qSCCVBlIykECKAikZSCBFdQLpz7WBBFJpICUDCaSo\nTiD9xTaQQCoNpGQggRQFUjKQQIrqBNJfaQMJpNJASgYSSFEgJQMJpKhOIP2tNpBAKg2kZEcL\n6W44e7t8NtyuLpeLs2E4Wyy3tw1D+xUgFQZSsqOFNM6Hu4el+2G+urwZHrrd3AjSQesE0j9s\nO0FIV8PiYWmxXrodhsX9CtXiQRJIBw2kZMcLabkZh9bNh/vV2sNItBI1X2/dgXTQOoH0z9sC\nD7PZJ0FyvJDG8wc6d8P57vi0GqCuR5AOHEhvHzN+IiVHDOl2uNxcX65BXQxvHm+/Gy5GkA4c\nSI8P2bl8qSOGtNqk21xtyOy6eXLDNpAK6wTSf2k7SUiL4WZcz9atN+pAmjaQHh+yc/lSxwzp\nzXrnaLWrtN6oA2nauoXUTi2cAqTxbFiOy+2B2fN3+0hv7CMdvk4g/b+2kxyRxuvharzazNHt\nz9pdjSAdOJAeH7Jz+VJHDWk9Gq1Hpc2i40hTBtLjQ3YuX+qoIa1nvh/mwHfPbFhPQYB02DqB\n9H/bThTS7dtT67bLmzaOxse1dw8GqTCQ3j5mfO0HZNfN354ntNq6u1qf/X319uxvkA5YJ5D+\nT9spniKUDaTCQEoGEkhRICUDCaSoTiD97zaQQCoNpGQggRQFUjKQQIrqBNL/agMJpNJASgYS\nSFEgJQMJpKhOIP3PNpBAKg2kZCCBFAVSMpBAiuoE0v9oAwmk0kBKBhJIUZ1A+u9tIIFUGkjJ\nQAIpCqRkIIEU1Qmk/9YGEkilgZQMJJCiQEoGEkhRnUD6r20ggVQaSMlAAikKpGQggRTVCaT/\n3AYSSKWBlAwkkKI6gfSf2kACqTSQkoEEUhRIyUACKaoTSP+xDSSQSgMpGUggRYGUDCSQojqB\n9B/aQAKpNJCSgQRSFEjJQAIpqhNI/74NJJBKAykZSCBFdQLp37WBBFJpICUDCaQokJKBBFJU\nJ5D+bRtIIJUGUjKQQIoCKRlIIEV1AunftIEEUmkgJQMJpCiQkoEEUlQnkP51W+NhNpvtrTzP\nBSSQokDa3D/uCNlbeRJIIEWBND7imAUrTwMJpKhOIP2rtuchjU9XPtEdr6/PmrbPmbbTfmVP\n/NM9vmQCSLv7QSCB9GnrBNK/bHvPiNTFPhJIhYE0ggTSpw+kMYD0ghaQQIrqBNK/aHucotvs\nKrWQXsICEkhRnUN6uHvncnyPFZBAigJpc//4SR2BBFJYJ5D+WdszpwjNtlt7L5wjBBJIUSAl\nAwmkKJCSgQRSVCeQ/mkbSCCVBlIykECK6gTSP2kDCaTSQEoGEkhRICUDCaSoTiD94zaQQCoN\npGQggRQFUjKQQIrqBNI/agMJpNJASgYSSFEgJQMJpKhOIP2DNpBAKg2kZCCBFAVSMpBAiuoE\n0t9vAwmk0kBKBhJIUZ1A+nttIIFUGkjJQAIpCqRkIIEU1Qmkv9sGEkilgZQMJJCiQEoGEkhR\nnUD6O20ggVQaSMlAAikKpGQggRTVCaS/3QYSSKWBlAwkkKI6gfQ320ACqTSQkoEEUhRIyUAC\nKaoTSH+jDSSQSgMpGUggRYGUDCSQojqB9NfbQAKpNJCSgQRSFEjJQAIpqhNIf60NJJBKAynZ\nK4K0XJwNw/n1ZnnYNL+837kfpMI6gfRX2zqAtJw/6FmOj5BWKzuSQCoMpGSvB9LlcL5Sc38+\nLMY1pPVNy+3KQyAVBlKy1wNpGNZD0bjcGNpCWq3M3z0ApMI6gfSX2xoPs9n+Dc9zeU2QgpXd\nG0EqDKTN/eO+kNkpQFoMO1MLRqQDB9L4iGO2s34KkMbzYThb3G2Xt5Du7SMdqk4g/aW2lyDN\nTmPTbhxvL9fzdLfrxbezdst3d4NUGEjj6UJadXc1H9aDkuNIB65bSLvTC/uQ2h2m/V4ZpHF8\nM5yNzczDQyAV1gmkv9D2/Ig021kOejWQ3tLZnf7eC6TCQBr3IbUTD22vBtLFsD05aDtRB9KB\n6xzSdgtvj9BDz70+Xw2ku2G4Xq6uzjegQDpwnUD6820vTn+fxIg0Lh4m6s7XKyAdOJA294+N\nkFOANL65nK8Y3WyWQTpwnUD6s23PnCK0O3MX94ogvS+QCgMpGUggRYGUDCSQojqB9GfaQAKp\nNJCSgQRSFEjJQAIpqhNIf7oNJJBKAykZSCBFgZQMJJCiOoH0J9tAAqk0kJKBBFJUJ5D+eBtI\nIJUGUjKQQIoCKRlIIEV1AumPtYEEUmkgJQMJpCiQkoEEUlQnkP5IG0gglQZSMpBAigIpGUgg\nRXUC6Q+3gQRSaSAlAwmkqE4g/cE2kEAqDaRkIIEUBVIykECK6gTS728DCaTSQEoGEkhRICUD\nCaSoTiB9bhtIIJUGUjKQQIoCKRlIIEV1Aun3toEEUmkgJQMJpCiQkoEEUlQnkH53G0gglQZS\nMpBAiuoE0u9qAwmk0kBKBhJIUSAlAwmkqE4g/Y42kEAqDaRkIIEUBVIykECK6gTSb28DCaTS\nQEoGEkhRICUDCaSoTiD91rbGw2w2e2alDSSQokDa3D/uCNlbeRJIIEV1Auk3t+15mO1c7q88\nDSSQokAaQ0jPdkKQPjNtTz6lfNhO+5U98U/3+JIJIO3uCDWQetlHAqmwTiD9xrYXRqRu9pFA\nKgyksdt9JJAKA2kECaRPXyeQfkPb2+249ZYcSCB92jqH9HD3ziVIIH1IIG3uH3s8IAtSYZ1A\n+nVtz5wiNNtdCQMJpCiQkoEEUlQnkH5NG0gglQZSMpBAigIpGUggRXUC6Ve3gQRSaSAlAwmk\nKJCSgQRSVCeQfmUbSCCVBlIykECKAikZSCBFdQLpV7SBBFJpICUDCaQokJKBBFJUJ5B+WRtI\nIJUGUjKQQIrqBNKTPx8IEkilgZQMJJCiQEoGEkhRnUD6JW0ggVQaSMlAAikKpGQggRTVCaRf\n1AYSSKWBlAwkkKJASgYSSFGdQPqFbSCBVBpIyUACKaoTSJ/dBhJIpYGUDCSQokBKBhJIUZ1A\n+vltIIFUGkjJQAIpCqRkIIEU1Qmkn9sGEkilgZQMJJCiQEoGEkhRnUD6OW0ggVQaSMlAAimq\nE0g/qw0kkEoDKRlIIEWBlOwVQJoPy/XVchgeF+bDTm8fB1JhnUD6GW2nDOliuFtf3a7Q3K4X\n7oYLkA4dSMleAaTr4Xp9dTkshsXO+rhjaBNIhYGU7BVAuhsu11erLbxhvl643I5QIB2yTiD9\n9LbGw2w2e2al7RVAWg5nq8v74WK1kXe/Wjrb7iqBdMhA2tw/7gjZW3nSK4C0GovG7QbddqNu\nOy6BdNBAGh9xzIKVp70GSBfDm3EzGq1HpfHN+mIdSAesE0g/te2kIV2tB6LNOLQem66Hq+3N\nIB0wkMbWzuvftLsdLh9mHNbzDJfbSXCQDlq3kHZnFJpB6LVPNqy26M5Xo9Kaz+1qNDrfzDiM\nIB20TiD95LaTHpHWZLZTdesJvLd+QDpgII2nt480Xgy3mynw9dT37eNcA0iHrBNIP7HtUc1m\nM+7kIC2G84cZhqvV0uLhVpAOWOeQHu7euTwJSDfD8HA2w91q6ebhVpAOGEib+8eTOiA7vhl2\ndozWB5UeFvcfBVJhnUD68W3PnCI0210JexWQPlkgFQZSMpBAigIpGUggRXUC6ce2gQRSaSAl\nAwmkKJCSgQRSVCeQflQbSCCVBlIykECK6gTSj2gDCaTSQEoGEkhRICUDCaSoTiD9sDaQQCoN\npGQggRQFUjKQQIrqBNIPaQMJpNJASgYSSFEgJQMJpKhOIP2gNpBAKg2kZCCBFAVSMpBAiuoE\n0g9oAwmk0kBKBhJIUZ1A+n5tIIFUGkjJQAIpCqRkIIEU1Qmk79MGEkilgZQMJJCiQEoGEkhR\nnUD6Xm0ggVQaSMlAAikKpGQggRTVCaTv0QYSSKWBlAwkkKI6gfTd2kACqTSQkoEEUhRIyUAC\nKaoTSN+lDSSQSgMpGUggRYGUDCSQojqB9J3aQAKpNJCSgQRSFEjJQAIpqhNI36ENJJBKAykZ\nSCBFdQLp27U95+G9TkACKQqkvWYggfRBgbTbzIgE0ofVCaRv0xZ6mNm0A+kDA2k/kED6oDqB\nFBa9uHqCJB0skKSCQJI+uHcbeiBJBYEkFQSSVBBI0hSBJBUEklQQSFJBIEkFgSQVBJJUEEhS\nQSBJBYEkFQSSVBBIUkEgSQWBJBUEklQQSFJBIEkFgSQVBJJUEEhSQSBJBYEkFQSSVBBIUkEg\nSQWBJBUEklQQSFJBIEkFgSQVBJJUEEhSQSBJBYEkFQSSVBBIUkEgSQWBJBUEklQQSFJBIEkF\ngSQVBJJUEEhSQSBJBYEkFQSSVBBIUkEgSQWBJBUEklQQSFJBIEkFgSQVBJJUEEhSQSBJBYEk\nFQSSVBBIUkEgSQWBJBUEklQQSFJBIEkFgSQVBJJUEEhSQSBJBYEkFQSSVBBIUkEgSQWBJBUE\nklQQSFJBIEkFgSQVBJJUEEhSQSBJBYEkFQSSVBBIUkEgSQWBJBUEklQQSFJBIEkFgSQVBJJU\nEEhSQSBJBYEkFQSSVBBIUkEgSQWBJBUEklQQSFJBIEkFgSQVBJJUEEhSQSBJBYEkFQSSVBBI\nUkEgSQWBJBUEklQQSFJBIEkFgSQVBJJUEEhSQSBJBYEkFQSSVBBIUkEgSQWBJBX0/wF54mjz\nOmisFQAAAABJRU5ErkJggg==",
      "text/plain": [
       "Plot with title \"\""
      ]
     },
     "metadata": {
      "image/png": {
       "height": 420,
       "width": 420
      }
     },
     "output_type": "display_data"
    }
   ],
   "source": [
    "print(corrplot(cor.data,method = 'color'))"
   ]
  },
  {
   "cell_type": "markdown",
   "metadata": {},
   "source": [
    "looke here we find out there is high correaltion between hp as we can see it through digonally. it shows also there is some correlation exist between volume andn weight "
   ]
  },
  {
   "cell_type": "markdown",
   "metadata": {},
   "source": [
    "To visualise more meaningfull insite from the informaiton lets do corrgram"
   ]
  },
  {
   "cell_type": "code",
   "execution_count": 43,
   "metadata": {},
   "outputs": [
    {
     "name": "stdout",
     "output_type": "stream",
     "text": [
      "             HP        MPG         VOL         SP          WT\n",
      "HP   1.00000000 -0.7250383  0.07745947  0.9738481  0.07651307\n",
      "MPG -0.72503835  1.0000000 -0.52905658 -0.6871246 -0.52675909\n",
      "VOL  0.07745947 -0.5290566  1.00000000  0.1021700  0.99920308\n",
      "SP   0.97384807 -0.6871246  0.10217001  1.0000000  0.10243919\n",
      "WT   0.07651307 -0.5267591  0.99920308  0.1024392  1.00000000\n"
     ]
    },
    {
     "data": {
