{
 "cells": [
  {
   "cell_type": "markdown",
   "metadata": {},
   "source": [
    "# Letter Support vector machine classifier module no 24"
   ]
  },
  {
   "cell_type": "code",
   "execution_count": 1,
   "metadata": {},
   "outputs": [],
   "source": [
    "import pandas as pd\n",
    "import numpy as np\n",
    "import seaborn as sns\n",
    "import matplotlib.pyplot as plt\n",
    "%matplotlib inline"
   ]
  },
  {
   "cell_type": "code",
   "execution_count": 2,
   "metadata": {},
   "outputs": [],
   "source": [
    "df = pd.read_csv(\"letterdata.csv\")"
   ]
  },
  {
   "cell_type": "code",
   "execution_count": 3,
   "metadata": {},
   "outputs": [
    {
     "data": {
      "text/html": [
       "<div>\n",
       "<style scoped>\n",
       "    .dataframe tbody tr th:only-of-type {\n",
       "        vertical-align: middle;\n",
       "    }\n",
       "\n",
       "    .dataframe tbody tr th {\n",
       "        vertical-align: top;\n",
       "    }\n",
       "\n",
       "    .dataframe thead th {\n",
       "        text-align: right;\n",
       "    }\n",
       "</style>\n",
       "<table border=\"1\" class=\"dataframe\">\n",
       "  <thead>\n",
       "    <tr style=\"text-align: right;\">\n",
       "      <th></th>\n",
       "      <th>letter</th>\n",
       "      <th>xbox</th>\n",
       "      <th>ybox</th>\n",
       "      <th>width</th>\n",
       "      <th>height</th>\n",
       "      <th>onpix</th>\n",
       "      <th>xbar</th>\n",
       "      <th>ybar</th>\n",
       "      <th>x2bar</th>\n",
       "      <th>y2bar</th>\n",
       "      <th>xybar</th>\n",
       "      <th>x2ybar</th>\n",
       "      <th>xy2bar</th>\n",
       "      <th>xedge</th>\n",
       "      <th>xedgey</th>\n",
       "      <th>yedge</th>\n",
       "      <th>yedgex</th>\n",
       "    </tr>\n",
       "  </thead>\n",
       "  <tbody>\n",
       "    <tr>\n",
       "      <th>0</th>\n",
       "      <td>T</td>\n",
       "      <td>2</td>\n",
       "      <td>8</td>\n",
       "      <td>3</td>\n",
       "      <td>5</td>\n",
       "      <td>1</td>\n",
       "      <td>8</td>\n",
       "      <td>13</td>\n",
       "      <td>0</td>\n",
       "      <td>6</td>\n",
       "      <td>6</td>\n",
       "      <td>10</td>\n",
       "      <td>8</td>\n",
       "      <td>0</td>\n",
       "      <td>8</td>\n",
       "      <td>0</td>\n",
       "      <td>8</td>\n",
       "    </tr>\n",
       "    <tr>\n",
       "      <th>1</th>\n",
       "      <td>I</td>\n",
       "      <td>5</td>\n",
       "      <td>12</td>\n",
       "      <td>3</td>\n",
       "      <td>7</td>\n",
       "      <td>2</td>\n",
       "      <td>10</td>\n",
       "      <td>5</td>\n",
       "      <td>5</td>\n",
       "      <td>4</td>\n",
       "      <td>13</td>\n",
       "      <td>3</td>\n",
       "      <td>9</td>\n",
       "      <td>2</td>\n",
       "      <td>8</td>\n",
       "      <td>4</td>\n",
       "      <td>10</td>\n",
       "    </tr>\n",
       "    <tr>\n",
       "      <th>2</th>\n",
       "      <td>D</td>\n",
       "      <td>4</td>\n",
       "      <td>11</td>\n",
       "      <td>6</td>\n",
       "      <td>8</td>\n",
       "      <td>6</td>\n",
       "      <td>10</td>\n",
       "      <td>6</td>\n",
       "      <td>2</td>\n",
       "      <td>6</td>\n",
       "      <td>10</td>\n",
       "      <td>3</td>\n",
       "      <td>7</td>\n",
       "      <td>3</td>\n",
       "      <td>7</td>\n",
       "      <td>3</td>\n",
       "      <td>9</td>\n",
       "    </tr>\n",
       "    <tr>\n",
       "      <th>3</th>\n",
       "      <td>N</td>\n",
       "      <td>7</td>\n",
       "      <td>11</td>\n",
       "      <td>6</td>\n",
       "      <td>6</td>\n",
       "      <td>3</td>\n",
       "      <td>5</td>\n",
       "      <td>9</td>\n",
       "      <td>4</td>\n",
       "      <td>6</td>\n",
       "      <td>4</td>\n",
       "      <td>4</td>\n",
       "      <td>10</td>\n",
       "      <td>6</td>\n",
       "      <td>10</td>\n",
       "      <td>2</td>\n",
       "      <td>8</td>\n",
       "    </tr>\n",
       "    <tr>\n",
       "      <th>4</th>\n",
       "      <td>G</td>\n",
       "      <td>2</td>\n",
       "      <td>1</td>\n",
       "      <td>3</td>\n",
       "      <td>1</td>\n",
       "      <td>1</td>\n",
       "      <td>8</td>\n",
       "      <td>6</td>\n",
       "      <td>6</td>\n",
       "      <td>6</td>\n",
       "      <td>6</td>\n",
       "      <td>5</td>\n",
       "      <td>9</td>\n",
       "      <td>1</td>\n",
       "      <td>7</td>\n",
       "      <td>5</td>\n",
       "      <td>10</td>\n",
       "    </tr>\n",
       "  </tbody>\n",
       "</table>\n",
       "</div>"
      ],
      "text/plain": [
       "  letter  xbox  ybox  width  height  onpix  xbar  ybar  x2bar  y2bar  xybar  \\\n",
       "0      T     2     8      3       5      1     8    13      0      6      6   \n",
       "1      I     5    12      3       7      2    10     5      5      4     13   \n",
       "2      D     4    11      6       8      6    10     6      2      6     10   \n",
       "3      N     7    11      6       6      3     5     9      4      6      4   \n",
       "4      G     2     1      3       1      1     8     6      6      6      6   \n",
       "\n",
       "   x2ybar  xy2bar  xedge  xedgey  yedge  yedgex  \n",
       "0      10       8      0       8      0       8  \n",
       "1       3       9      2       8      4      10  \n",
       "2       3       7      3       7      3       9  \n",
       "3       4      10      6      10      2       8  \n",
       "4       5       9      1       7      5      10  "
      ]
     },
     "execution_count": 3,
     "metadata": {},
     "output_type": "execute_result"
    }
   ],
   "source": [
    "df.head()"
   ]
  },
  {
   "cell_type": "code",
   "execution_count": 4,
   "metadata": {},
   "outputs": [
    {
     "data": {
      "text/html": [
       "<div>\n",
       "<style scoped>\n",
       "    .dataframe tbody tr th:only-of-type {\n",
       "        vertical-align: middle;\n",
       "    }\n",
       "\n",
       "    .dataframe tbody tr th {\n",
       "        vertical-align: top;\n",
       "    }\n",
       "\n",
       "    .dataframe thead th {\n",
       "        text-align: right;\n",
       "    }\n",
       "</style>\n",
       "<table border=\"1\" class=\"dataframe\">\n",
       "  <thead>\n",
       "    <tr style=\"text-align: right;\">\n",
       "      <th></th>\n",
       "      <th>xbox</th>\n",
       "      <th>ybox</th>\n",
       "      <th>width</th>\n",
       "      <th>height</th>\n",
       "      <th>onpix</th>\n",
       "      <th>xbar</th>\n",
       "      <th>ybar</th>\n",
       "      <th>x2bar</th>\n",
       "      <th>y2bar</th>\n",
       "      <th>xybar</th>\n",
       "      <th>x2ybar</th>\n",
       "      <th>xy2bar</th>\n",
       "      <th>xedge</th>\n",
       "      <th>xedgey</th>\n",
       "      <th>yedge</th>\n",
       "      <th>yedgex</th>\n",
       "    </tr>\n",
       "  </thead>\n",
       "  <tbody>\n",
       "    <tr>\n",
       "      <th>xbox</th>\n",
       "      <td>1.000000</td>\n",
       "      <td>0.757793</td>\n",
       "      <td>0.851514</td>\n",
       "      <td>0.672764</td>\n",
       "      <td>0.619097</td>\n",
       "      <td>-0.032595</td>\n",
       "      <td>0.045545</td>\n",
       "      <td>0.014306</td>\n",
       "      <td>0.052086</td>\n",
       "      <td>0.148056</td>\n",
       "      <td>0.035464</td>\n",
       "      <td>-0.046333</td>\n",
       "      <td>0.489155</td>\n",
       "      <td>0.098180</td>\n",
       "      <td>0.273504</td>\n",
       "      <td>-0.105147</td>\n",
       "    </tr>\n",
       "    <tr>\n",
       "      <th>ybox</th>\n",
       "      <td>0.757793</td>\n",
       "      <td>1.000000</td>\n",
       "      <td>0.671912</td>\n",
       "      <td>0.823207</td>\n",
       "      <td>0.555067</td>\n",
       "      <td>0.045690</td>\n",
       "      <td>-0.040925</td>\n",
       "      <td>-0.025019</td>\n",
       "      <td>0.096478</td>\n",
       "      <td>0.159954</td>\n",
       "      <td>-0.054648</td>\n",
       "      <td>-0.007568</td>\n",
       "      <td>0.274431</td>\n",
       "      <td>-0.001336</td>\n",
       "      <td>0.230883</td>\n",
       "      <td>-0.042741</td>\n",
       "    </tr>\n",
       "    <tr>\n",
       "      <th>width</th>\n",
       "      <td>0.851514</td>\n",
       "      <td>0.671912</td>\n",
       "      <td>1.000000</td>\n",
       "      <td>0.660215</td>\n",
       "      <td>0.765716</td>\n",
       "      <td>0.061959</td>\n",
       "      <td>0.024832</td>\n",
       "      <td>-0.098611</td>\n",
       "      <td>0.057074</td>\n",
       "      <td>0.115018</td>\n",
       "      <td>0.011694</td>\n",
       "      <td>-0.045009</td>\n",
       "      <td>0.557251</td>\n",
       "      <td>0.045658</td>\n",
       "      <td>0.260285</td>\n",
       "      <td>-0.118273</td>\n",
       "    </tr>\n",
       "    <tr>\n",
       "      <th>height</th>\n",
       "      <td>0.672764</td>\n",
       "      <td>0.823207</td>\n",
       "      <td>0.660215</td>\n",
       "      <td>1.000000</td>\n",
       "      <td>0.644366</td>\n",
       "      <td>0.042844</td>\n",
       "      <td>-0.020072</td>\n",
       "      <td>0.082383</td>\n",
       "      <td>0.059032</td>\n",
       "      <td>0.012458</td>\n",
       "      <td>-0.011991</td>\n",
       "      <td>0.026386</td>\n",
       "      <td>0.265243</td>\n",
       "      <td>0.025359</td>\n",
       "      <td>0.297545</td>\n",
       "      <td>-0.018853</td>\n",
       "    </tr>\n",
       "    <tr>\n",
       "      <th>onpix</th>\n",
       "      <td>0.619097</td>\n",
       "      <td>0.555067</td>\n",
       "      <td>0.765716</td>\n",
       "      <td>0.644366</td>\n",
       "      <td>1.000000</td>\n",
       "      <td>0.139159</td>\n",
       "      <td>-0.028822</td>\n",
       "      <td>-0.011985</td>\n",
       "      <td>-0.065557</td>\n",
       "      <td>-0.069776</td>\n",
       "      <td>-0.072941</td>\n",
       "      <td>-0.038858</td>\n",
       "      <td>0.627507</td>\n",
       "      <td>0.017649</td>\n",
       "      <td>0.492653</td>\n",
       "      <td>-0.062969</td>\n",
       "    </tr>\n",
       "    <tr>\n",
       "      <th>xbar</th>\n",
       "      <td>-0.032595</td>\n",
       "      <td>0.045690</td>\n",
       "      <td>0.061959</td>\n",
       "      <td>0.042844</td>\n",
       "      <td>0.139159</td>\n",
       "      <td>1.000000</td>\n",
       "      <td>-0.356580</td>\n",
       "      <td>-0.053306</td>\n",
       "      <td>-0.122851</td>\n",
       "      <td>0.085963</td>\n",
       "      <td>-0.341957</td>\n",
       "      <td>-0.032115</td>\n",
       "      <td>0.144325</td>\n",
       "      <td>-0.253339</td>\n",
       "      <td>0.127056</td>\n",
       "      <td>0.248816</td>\n",
       "    </tr>\n",
       "    <tr>\n",
       "      <th>ybar</th>\n",
       "      <td>0.045545</td>\n",
       "      <td>-0.040925</td>\n",
       "      <td>0.024832</td>\n",
       "      <td>-0.020072</td>\n",
       "      <td>-0.028822</td>\n",
       "      <td>-0.356580</td>\n",
       "      <td>1.000000</td>\n",
       "      <td>-0.118625</td>\n",
       "      <td>-0.049658</td>\n",
       "      <td>0.178318</td>\n",
       "      <td>0.600397</td>\n",
       "      <td>-0.271649</td>\n",
       "      <td>-0.036722</td>\n",
       "      <td>0.555060</td>\n",
       "      <td>-0.078008</td>\n",
       "      <td>-0.207900</td>\n",
       "    </tr>\n",
       "    <tr>\n",
       "      <th>x2bar</th>\n",
       "      <td>0.014306</td>\n",
       "      <td>-0.025019</td>\n",
       "      <td>-0.098611</td>\n",
       "      <td>0.082383</td>\n",
       "      <td>-0.011985</td>\n",
       "      <td>-0.053306</td>\n",
       "      <td>-0.118625</td>\n",
       "      <td>1.000000</td>\n",
       "      <td>-0.188431</td>\n",
       "      <td>-0.317780</td>\n",
       "      <td>0.042545</td>\n",
       "      <td>0.082020</td>\n",
       "      <td>0.142132</td>\n",
       "      <td>-0.084820</td>\n",
       "      <td>0.006546</td>\n",
       "      <td>0.182902</td>\n",
       "    </tr>\n",
       "    <tr>\n",
       "      <th>y2bar</th>\n",
       "      <td>0.052086</td>\n",
       "      <td>0.096478</td>\n",
       "      <td>0.057074</td>\n",
       "      <td>0.059032</td>\n",
       "      <td>-0.065557</td>\n",
       "      <td>-0.122851</td>\n",
       "      <td>-0.049658</td>\n",
       "      <td>-0.188431</td>\n",
       "      <td>1.000000</td>\n",
       "      <td>0.132000</td>\n",
       "      <td>-0.060116</td>\n",
       "      <td>0.119048</td>\n",
       "      <td>-0.384018</td>\n",
       "      <td>-0.052545</td>\n",
       "      <td>0.277540</td>\n",
       "      <td>-0.061335</td>\n",
       "    </tr>\n",
       "    <tr>\n",
       "      <th>xybar</th>\n",
       "      <td>0.148056</td>\n",
       "      <td>0.159954</td>\n",
       "      <td>0.115018</td>\n",
       "      <td>0.012458</td>\n",
       "      <td>-0.069776</td>\n",
       "      <td>0.085963</td>\n",
       "      <td>0.178318</td>\n",
       "      <td>-0.317780</td>\n",
       "      <td>0.132000</td>\n",
       "      <td>1.000000</td>\n",
       "      <td>0.057988</td>\n",
       "      <td>-0.106759</td>\n",
       "      <td>-0.175676</td>\n",
       "      <td>0.029419</td>\n",
       "      <td>-0.087019</td>\n",
       "      <td>-0.114223</td>\n",
       "    </tr>\n",
       "    <tr>\n",
       "      <th>x2ybar</th>\n",
       "      <td>0.035464</td>\n",
       "      <td>-0.054648</td>\n",
       "      <td>0.011694</td>\n",
       "      <td>-0.011991</td>\n",
       "      <td>-0.072941</td>\n",
       "      <td>-0.341957</td>\n",
       "      <td>0.600397</td>\n",
       "      <td>0.042545</td>\n",
       "      <td>-0.060116</td>\n",
       "      <td>0.057988</td>\n",
       "      <td>1.000000</td>\n",
       "      <td>0.063214</td>\n",
       "      <td>0.053566</td>\n",
       "      <td>0.527239</td>\n",
       "      <td>-0.226251</td>\n",
       "      <td>-0.236518</td>\n",
       "    </tr>\n",
       "    <tr>\n",
       "      <th>xy2bar</th>\n",
       "      <td>-0.046333</td>\n",
       "      <td>-0.007568</td>\n",
       "      <td>-0.045009</td>\n",
       "      <td>0.026386</td>\n",
       "      <td>-0.038858</td>\n",
       "      <td>-0.032115</td>\n",
       "      <td>-0.271649</td>\n",
       "      <td>0.082020</td>\n",
       "      <td>0.119048</td>\n",
       "      <td>-0.106759</td>\n",
       "      <td>0.063214</td>\n",
       "      <td>1.000000</td>\n",
       "      <td>-0.008753</td>\n",
       "      <td>-0.184927</td>\n",
       "      <td>0.049695</td>\n",
       "      <td>0.245808</td>\n",
       "    </tr>\n",
       "    <tr>\n",
       "      <th>xedge</th>\n",
       "      <td>0.489155</td>\n",
       "      <td>0.274431</td>\n",
       "      <td>0.557251</td>\n",
       "      <td>0.265243</td>\n",
       "      <td>0.627507</td>\n",
       "      <td>0.144325</td>\n",
       "      <td>-0.036722</td>\n",
       "      <td>0.142132</td>\n",
       "      <td>-0.384018</td>\n",
       "      <td>-0.175676</td>\n",
       "      <td>0.053566</td>\n",
       "      <td>-0.008753</td>\n",
       "      <td>1.000000</td>\n",
       "      <td>0.002849</td>\n",
       "      <td>0.108411</td>\n",
       "      <td>-0.049789</td>\n",
       "    </tr>\n",
       "    <tr>\n",
       "      <th>xedgey</th>\n",
       "      <td>0.098180</td>\n",
       "      <td>-0.001336</td>\n",
       "      <td>0.045658</td>\n",
       "      <td>0.025359</td>\n",
       "      <td>0.017649</td>\n",
       "      <td>-0.253339</td>\n",
       "      <td>0.555060</td>\n",
       "      <td>-0.084820</td>\n",
       "      <td>-0.052545</td>\n",
       "      <td>0.029419</td>\n",
       "      <td>0.527239</td>\n",
       "      <td>-0.184927</td>\n",
       "      <td>0.002849</td>\n",
       "      <td>1.000000</td>\n",
       "      <td>-0.064402</td>\n",
       "      <td>-0.187591</td>\n",
       "    </tr>\n",
       "    <tr>\n",
       "      <th>yedge</th>\n",
       "      <td>0.273504</td>\n",
       "      <td>0.230883</td>\n",
       "      <td>0.260285</td>\n",
       "      <td>0.297545</td>\n",
       "      <td>0.492653</td>\n",
       "      <td>0.127056</td>\n",
       "      <td>-0.078008</td>\n",
       "      <td>0.006546</td>\n",
       "      <td>0.277540</td>\n",
       "      <td>-0.087019</td>\n",
       "      <td>-0.226251</td>\n",
       "      <td>0.049695</td>\n",
       "      <td>0.108411</td>\n",
       "      <td>-0.064402</td>\n",
       "      <td>1.000000</td>\n",
       "      <td>0.143588</td>\n",
       "    </tr>\n",
       "    <tr>\n",
       "      <th>yedgex</th>\n",
       "      <td>-0.105147</td>\n",
       "      <td>-0.042741</td>\n",
       "      <td>-0.118273</td>\n",
       "      <td>-0.018853</td>\n",
       "      <td>-0.062969</td>\n",
       "      <td>0.248816</td>\n",
       "      <td>-0.207900</td>\n",
       "      <td>0.182902</td>\n",
       "      <td>-0.061335</td>\n",
       "      <td>-0.114223</td>\n",
       "      <td>-0.236518</td>\n",
       "      <td>0.245808</td>\n",
       "      <td>-0.049789</td>\n",
       "      <td>-0.187591</td>\n",
       "      <td>0.143588</td>\n",
       "      <td>1.000000</td>\n",
       "    </tr>\n",
       "  </tbody>\n",
       "</table>\n",
       "</div>"
      ],
      "text/plain": [
       "            xbox      ybox     width    height     onpix      xbar      ybar  \\\n",
       "xbox    1.000000  0.757793  0.851514  0.672764  0.619097 -0.032595  0.045545   \n",
       "ybox    0.757793  1.000000  0.671912  0.823207  0.555067  0.045690 -0.040925   \n",
       "width   0.851514  0.671912  1.000000  0.660215  0.765716  0.061959  0.024832   \n",
       "height  0.672764  0.823207  0.660215  1.000000  0.644366  0.042844 -0.020072   \n",
       "onpix   0.619097  0.555067  0.765716  0.644366  1.000000  0.139159 -0.028822   \n",
       "xbar   -0.032595  0.045690  0.061959  0.042844  0.139159  1.000000 -0.356580   \n",
       "ybar    0.045545 -0.040925  0.024832 -0.020072 -0.028822 -0.356580  1.000000   \n",
       "x2bar   0.014306 -0.025019 -0.098611  0.082383 -0.011985 -0.053306 -0.118625   \n",
       "y2bar   0.052086  0.096478  0.057074  0.059032 -0.065557 -0.122851 -0.049658   \n",
       "xybar   0.148056  0.159954  0.115018  0.012458 -0.069776  0.085963  0.178318   \n",
       "x2ybar  0.035464 -0.054648  0.011694 -0.011991 -0.072941 -0.341957  0.600397   \n",
       "xy2bar -0.046333 -0.007568 -0.045009  0.026386 -0.038858 -0.032115 -0.271649   \n",
       "xedge   0.489155  0.274431  0.557251  0.265243  0.627507  0.144325 -0.036722   \n",
       "xedgey  0.098180 -0.001336  0.045658  0.025359  0.017649 -0.253339  0.555060   \n",
       "yedge   0.273504  0.230883  0.260285  0.297545  0.492653  0.127056 -0.078008   \n",
       "yedgex -0.105147 -0.042741 -0.118273 -0.018853 -0.062969  0.248816 -0.207900   \n",
       "\n",
       "           x2bar     y2bar     xybar    x2ybar    xy2bar     xedge    xedgey  \\\n",
       "xbox    0.014306  0.052086  0.148056  0.035464 -0.046333  0.489155  0.098180   \n",
       "ybox   -0.025019  0.096478  0.159954 -0.054648 -0.007568  0.274431 -0.001336   \n",
       "width  -0.098611  0.057074  0.115018  0.011694 -0.045009  0.557251  0.045658   \n",
       "height  0.082383  0.059032  0.012458 -0.011991  0.026386  0.265243  0.025359   \n",
       "onpix  -0.011985 -0.065557 -0.069776 -0.072941 -0.038858  0.627507  0.017649   \n",
       "xbar   -0.053306 -0.122851  0.085963 -0.341957 -0.032115  0.144325 -0.253339   \n",
       "ybar   -0.118625 -0.049658  0.178318  0.600397 -0.271649 -0.036722  0.555060   \n",
       "x2bar   1.000000 -0.188431 -0.317780  0.042545  0.082020  0.142132 -0.084820   \n",
       "y2bar  -0.188431  1.000000  0.132000 -0.060116  0.119048 -0.384018 -0.052545   \n",
       "xybar  -0.317780  0.132000  1.000000  0.057988 -0.106759 -0.175676  0.029419   \n",
       "x2ybar  0.042545 -0.060116  0.057988  1.000000  0.063214  0.053566  0.527239   \n",
       "xy2bar  0.082020  0.119048 -0.106759  0.063214  1.000000 -0.008753 -0.184927   \n",
       "xedge   0.142132 -0.384018 -0.175676  0.053566 -0.008753  1.000000  0.002849   \n",
       "xedgey -0.084820 -0.052545  0.029419  0.527239 -0.184927  0.002849  1.000000   \n",
       "yedge   0.006546  0.277540 -0.087019 -0.226251  0.049695  0.108411 -0.064402   \n",
       "yedgex  0.182902 -0.061335 -0.114223 -0.236518  0.245808 -0.049789 -0.187591   \n",
       "\n",
       "           yedge    yedgex  \n",
       "xbox    0.273504 -0.105147  \n",
       "ybox    0.230883 -0.042741  \n",
       "width   0.260285 -0.118273  \n",
       "height  0.297545 -0.018853  \n",
       "onpix   0.492653 -0.062969  \n",
       "xbar    0.127056  0.248816  \n",
       "ybar   -0.078008 -0.207900  \n",
       "x2bar   0.006546  0.182902  \n",
       "y2bar   0.277540 -0.061335  \n",
       "xybar  -0.087019 -0.114223  \n",
       "x2ybar -0.226251 -0.236518  \n",
       "xy2bar  0.049695  0.245808  \n",
       "xedge   0.108411 -0.049789  \n",
       "xedgey -0.064402 -0.187591  \n",
       "yedge   1.000000  0.143588  \n",
       "yedgex  0.143588  1.000000  "
      ]
     },
     "execution_count": 4,
     "metadata": {},
     "output_type": "execute_result"
    }
   ],
   "source": [
    "df.corr()"
   ]
  },
  {
   "cell_type": "code",
   "execution_count": 5,
   "metadata": {},
   "outputs": [
    {
     "data": {
      "text/plain": [
       "(20000, 17)"
      ]
     },
     "execution_count": 5,
     "metadata": {},
     "output_type": "execute_result"
    }
   ],
   "source": [
    "df.shape"
   ]
  },
  {
   "cell_type": "code",
   "execution_count": 6,
   "metadata": {},
   "outputs": [
    {
     "name": "stdout",
     "output_type": "stream",
     "text": [
      "<class 'pandas.core.frame.DataFrame'>\n",
      "RangeIndex: 20000 entries, 0 to 19999\n",
      "Data columns (total 17 columns):\n",
      " #   Column  Non-Null Count  Dtype \n",
      "---  ------  --------------  ----- \n",
      " 0   letter  20000 non-null  object\n",
      " 1   xbox    20000 non-null  int64 \n",
      " 2   ybox    20000 non-null  int64 \n",
      " 3   width   20000 non-null  int64 \n",
      " 4   height  20000 non-null  int64 \n",
      " 5   onpix   20000 non-null  int64 \n",
      " 6   xbar    20000 non-null  int64 \n",
      " 7   ybar    20000 non-null  int64 \n",
      " 8   x2bar   20000 non-null  int64 \n",
      " 9   y2bar   20000 non-null  int64 \n",
      " 10  xybar   20000 non-null  int64 \n",
      " 11  x2ybar  20000 non-null  int64 \n",
      " 12  xy2bar  20000 non-null  int64 \n",
      " 13  xedge   20000 non-null  int64 \n",
      " 14  xedgey  20000 non-null  int64 \n",
      " 15  yedge   20000 non-null  int64 \n",
      " 16  yedgex  20000 non-null  int64 \n",
      "dtypes: int64(16), object(1)\n",
      "memory usage: 2.6+ MB\n"
     ]
    }
   ],
   "source": [
    "df.info()"
   ]
  },
  {
   "cell_type": "code",
   "execution_count": 7,
   "metadata": {},
   "outputs": [
    {
     "data": {
      "text/plain": [
       "letter    0\n",
       "xbox      0\n",
       "ybox      0\n",
       "width     0\n",
       "height    0\n",
       "onpix     0\n",
       "xbar      0\n",
       "ybar      0\n",
       "x2bar     0\n",
       "y2bar     0\n",
       "xybar     0\n",
       "x2ybar    0\n",
       "xy2bar    0\n",
       "xedge     0\n",
       "xedgey    0\n",
       "yedge     0\n",
       "yedgex    0\n",
       "dtype: int64"
      ]
     },
     "execution_count": 7,
     "metadata": {},
     "output_type": "execute_result"
    }
   ],
   "source": [
    "df.isnull().sum() # there is no na value "
   ]
  },
  {
   "cell_type": "code",
   "execution_count": 8,
   "metadata": {},
   "outputs": [
    {
     "data": {
      "text/html": [
       "<div>\n",
       "<style scoped>\n",
       "    .dataframe tbody tr th:only-of-type {\n",
       "        vertical-align: middle;\n",
       "    }\n",
       "\n",
       "    .dataframe tbody tr th {\n",
       "        vertical-align: top;\n",
       "    }\n",
       "\n",
       "    .dataframe thead th {\n",
       "        text-align: right;\n",
       "    }\n",
       "</style>\n",
       "<table border=\"1\" class=\"dataframe\">\n",
       "  <thead>\n",
       "    <tr style=\"text-align: right;\">\n",
       "      <th></th>\n",
       "      <th>xbox</th>\n",
       "      <th>ybox</th>\n",
       "      <th>width</th>\n",
       "      <th>height</th>\n",
       "      <th>onpix</th>\n",
       "      <th>xbar</th>\n",
       "      <th>ybar</th>\n",
       "      <th>x2bar</th>\n",
       "      <th>y2bar</th>\n",
       "      <th>xybar</th>\n",
       "      <th>x2ybar</th>\n",
       "      <th>xy2bar</th>\n",
       "      <th>xedge</th>\n",
       "      <th>xedgey</th>\n",
       "      <th>yedge</th>\n",
       "      <th>yedgex</th>\n",
       "    </tr>\n",
       "  </thead>\n",
       "  <tbody>\n",
       "    <tr>\n",
       "      <th>count</th>\n",
       "      <td>20000.00</td>\n",
       "      <td>20000.00</td>\n",
       "      <td>20000.00</td>\n",
       "      <td>20000.00</td>\n",
       "      <td>20000.00</td>\n",
       "      <td>20000.00</td>\n",
       "      <td>20000.00</td>\n",
       "      <td>20000.00</td>\n",
       "      <td>20000.00</td>\n",
       "      <td>20000.00</td>\n",
       "      <td>20000.00</td>\n",
       "      <td>20000.00</td>\n",
       "      <td>20000.00</td>\n",
       "      <td>20000.00</td>\n",
       "      <td>20000.00</td>\n",
       "      <td>20000.00</td>\n",
       "    </tr>\n",
       "    <tr>\n",
       "      <th>mean</th>\n",
       "      <td>4.02</td>\n",
       "      <td>7.04</td>\n",
       "      <td>5.12</td>\n",
       "      <td>5.37</td>\n",
       "      <td>3.51</td>\n",
       "      <td>6.90</td>\n",
       "      <td>7.50</td>\n",
       "      <td>4.63</td>\n",
       "      <td>5.18</td>\n",
       "      <td>8.28</td>\n",
       "      <td>6.45</td>\n",
       "      <td>7.93</td>\n",
       "      <td>3.05</td>\n",
       "      <td>8.34</td>\n",
       "      <td>3.69</td>\n",
       "      <td>7.80</td>\n",
       "    </tr>\n",
       "    <tr>\n",
       "      <th>std</th>\n",
       "      <td>1.91</td>\n",
       "      <td>3.30</td>\n",
       "      <td>2.01</td>\n",
       "      <td>2.26</td>\n",
       "      <td>2.19</td>\n",
       "      <td>2.03</td>\n",
       "      <td>2.33</td>\n",
       "      <td>2.70</td>\n",
       "      <td>2.38</td>\n",
       "      <td>2.49</td>\n",
       "      <td>2.63</td>\n",
       "      <td>2.08</td>\n",
       "      <td>2.33</td>\n",
       "      <td>1.55</td>\n",
       "      <td>2.57</td>\n",
       "      <td>1.62</td>\n",
       "    </tr>\n",
       "    <tr>\n",
       "      <th>min</th>\n",
       "      <td>0.00</td>\n",
       "      <td>0.00</td>\n",
       "      <td>0.00</td>\n",
       "      <td>0.00</td>\n",
       "      <td>0.00</td>\n",
       "      <td>0.00</td>\n",
       "      <td>0.00</td>\n",
       "      <td>0.00</td>\n",
       "      <td>0.00</td>\n",
       "      <td>0.00</td>\n",
       "      <td>0.00</td>\n",
       "      <td>0.00</td>\n",
       "      <td>0.00</td>\n",
       "      <td>0.00</td>\n",
       "      <td>0.00</td>\n",
       "      <td>0.00</td>\n",
       "    </tr>\n",
       "    <tr>\n",
       "      <th>25%</th>\n",
       "      <td>3.00</td>\n",
       "      <td>5.00</td>\n",
       "      <td>4.00</td>\n",
       "      <td>4.00</td>\n",
       "      <td>2.00</td>\n",
       "      <td>6.00</td>\n",
       "      <td>6.00</td>\n",
       "      <td>3.00</td>\n",
       "      <td>4.00</td>\n",
       "      <td>7.00</td>\n",
       "      <td>5.00</td>\n",
       "      <td>7.00</td>\n",
       "      <td>1.00</td>\n",
       "      <td>8.00</td>\n",
       "      <td>2.00</td>\n",
       "      <td>7.00</td>\n",
       "    </tr>\n",
       "    <tr>\n",
       "      <th>50%</th>\n",
       "      <td>4.00</td>\n",
       "      <td>7.00</td>\n",
       "      <td>5.00</td>\n",
       "      <td>6.00</td>\n",
       "      <td>3.00</td>\n",
       "      <td>7.00</td>\n",
       "      <td>7.00</td>\n",
       "      <td>4.00</td>\n",
       "      <td>5.00</td>\n",
       "      <td>8.00</td>\n",
       "      <td>6.00</td>\n",
       "      <td>8.00</td>\n",
       "      <td>3.00</td>\n",
       "      <td>8.00</td>\n",
       "      <td>3.00</td>\n",
       "      <td>8.00</td>\n",
       "    </tr>\n",
       "    <tr>\n",
       "      <th>75%</th>\n",
       "      <td>5.00</td>\n",
       "      <td>9.00</td>\n",
       "      <td>6.00</td>\n",
       "      <td>7.00</td>\n",
       "      <td>5.00</td>\n",
       "      <td>8.00</td>\n",
       "      <td>9.00</td>\n",
       "      <td>6.00</td>\n",
       "      <td>7.00</td>\n",
       "      <td>10.00</td>\n",
       "      <td>8.00</td>\n",
       "      <td>9.00</td>\n",
       "      <td>4.00</td>\n",
       "      <td>9.00</td>\n",
       "      <td>5.00</td>\n",
       "      <td>9.00</td>\n",
       "    </tr>\n",
       "    <tr>\n",
       "      <th>max</th>\n",
       "      <td>15.00</td>\n",
       "      <td>15.00</td>\n",
       "      <td>15.00</td>\n",
       "      <td>15.00</td>\n",
       "      <td>15.00</td>\n",
       "      <td>15.00</td>\n",
       "      <td>15.00</td>\n",
       "      <td>15.00</td>\n",
       "      <td>15.00</td>\n",
       "      <td>15.00</td>\n",
       "      <td>15.00</td>\n",
       "      <td>15.00</td>\n",
       "      <td>15.00</td>\n",
       "      <td>15.00</td>\n",
       "      <td>15.00</td>\n",
       "      <td>15.00</td>\n",
       "    </tr>\n",
       "  </tbody>\n",
       "</table>\n",
       "</div>"
      ],
      "text/plain": [
       "           xbox      ybox     width    height     onpix      xbar      ybar  \\\n",
       "count  20000.00  20000.00  20000.00  20000.00  20000.00  20000.00  20000.00   \n",
       "mean       4.02      7.04      5.12      5.37      3.51      6.90      7.50   \n",
       "std        1.91      3.30      2.01      2.26      2.19      2.03      2.33   \n",
       "min        0.00      0.00      0.00      0.00      0.00      0.00      0.00   \n",
       "25%        3.00      5.00      4.00      4.00      2.00      6.00      6.00   \n",
       "50%        4.00      7.00      5.00      6.00      3.00      7.00      7.00   \n",
       "75%        5.00      9.00      6.00      7.00      5.00      8.00      9.00   \n",
       "max       15.00     15.00     15.00     15.00     15.00     15.00     15.00   \n",
       "\n",
       "          x2bar     y2bar     xybar    x2ybar    xy2bar     xedge    xedgey  \\\n",
       "count  20000.00  20000.00  20000.00  20000.00  20000.00  20000.00  20000.00   \n",
       "mean       4.63      5.18      8.28      6.45      7.93      3.05      8.34   \n",
       "std        2.70      2.38      2.49      2.63      2.08      2.33      1.55   \n",
       "min        0.00      0.00      0.00      0.00      0.00      0.00      0.00   \n",
       "25%        3.00      4.00      7.00      5.00      7.00      1.00      8.00   \n",
       "50%        4.00      5.00      8.00      6.00      8.00      3.00      8.00   \n",
       "75%        6.00      7.00     10.00      8.00      9.00      4.00      9.00   \n",
       "max       15.00     15.00     15.00     15.00     15.00     15.00     15.00   \n",
       "\n",
       "          yedge    yedgex  \n",
       "count  20000.00  20000.00  \n",
       "mean       3.69      7.80  \n",
       "std        2.57      1.62  \n",
       "min        0.00      0.00  \n",
       "25%        2.00      7.00  \n",
       "50%        3.00      8.00  \n",
       "75%        5.00      9.00  \n",
       "max       15.00     15.00  "
      ]
     },
     "execution_count": 8,
     "metadata": {},
     "output_type": "execute_result"
    }
   ],
   "source": [
    "round(df.describe(),2) # description of data and its spread"
   ]
  },
  {
   "cell_type": "code",
   "execution_count": 9,
   "metadata": {},
   "outputs": [
    {
     "data": {
      "text/plain": [
       "U    813\n",
       "D    805\n",
       "P    803\n",
       "T    796\n",
       "M    792\n",
       "A    789\n",
       "X    787\n",
       "Y    786\n",
       "Q    783\n",
       "N    783\n",
       "F    775\n",
       "G    773\n",
       "E    768\n",
       "B    766\n",
       "V    764\n",
       "L    761\n",
       "R    758\n",
       "I    755\n",
       "O    753\n",
       "W    752\n",
       "S    748\n",
       "J    747\n",
       "K    739\n",
       "C    736\n",
       "H    734\n",
       "Z    734\n",
       "Name: letter, dtype: int64"
      ]
     },
     "execution_count": 9,
     "metadata": {},
     "output_type": "execute_result"
    }
   ],
   "source": [
    "df['letter'].value_counts() # value count of letters"
   ]
  },
  {
   "cell_type": "code",
   "execution_count": 10,
   "metadata": {},
   "outputs": [
    {
     "data": {
      "text/plain": [
       "<matplotlib.axes._subplots.AxesSubplot at 0x21b5e965c88>"
      ]
     },
     "execution_count": 10,
     "metadata": {},
     "output_type": "execute_result"
    },
    {
     "data": {
